{
  "field" : "golden",
  "symmetry" : "icosahedral",
  "orientations" : [ [ 1.0, 0.0, 0.0, 0.0, 0.0, 1.0, 0.0, 0.0, 0.0, 0.0, 1.0, 0.0, 0.0, 0.0, 0.0, 1.0 ], [ 0.0, 0.0, 1.0, 0.0, 1.0, 0.0, 0.0, 0.0, 0.0, 1.0, 0.0, 0.0, 0.0, 0.0, 0.0, 1.0 ], [ 0.0, 1.0, 0.0, 0.0, 0.0, 0.0, 1.0, 0.0, 1.0, 0.0, 0.0, 0.0, 0.0, 0.0, 0.0, 1.0 ], [ 0.809017, 0.309017, 0.5, 0.0, 0.309017, 0.5, -0.809017, 0.0, -0.5, 0.809017, 0.309017, 0.0, 0.0, 0.0, 0.0, 1.0 ], [ -0.5, 0.809017, 0.309017, 0.0, 0.809017, 0.309017, 0.5, 0.0, 0.309017, 0.5, -0.809017, 0.0, 0.0, 0.0, 0.0, 1.0 ], [ 0.309017, 0.5, -0.809017, 0.0, -0.5, 0.809017, 0.309017, 0.0, 0.809017, 0.309017, 0.5, 0.0, 0.0, 0.0, 0.0, 1.0 ], [ 0.5, 0.809017, 0.309017, 0.0, 0.809017, -0.309017, -0.5, 0.0, -0.309017, 0.5, -0.809017, 0.0, 0.0, 0.0, 0.0, 1.0 ], [ -0.309017, 0.5, -0.809017, 0.0, 0.5, 0.809017, 0.309017, 0.0, 0.809017, -0.309017, -0.5, 0.0, 0.0, 0.0, 0.0, 1.0 ], [ 0.809017, -0.309017, -0.5, 0.0, -0.309017, 0.5, -0.809017, 0.0, 0.5, 0.809017, 0.309017, 0.0, 0.0, 0.0, 0.0, 1.0 ], [ 0.5, 0.809017, -0.309017, 0.0, 0.809017, -0.309017, 0.5, 0.0, 0.309017, -0.5, -0.809017, 0.0, 0.0, 0.0, 0.0, 1.0 ], [ 0.309017, -0.5, -0.809017, 0.0, 0.5, 0.809017, -0.309017, 0.0, 0.809017, -0.309017, 0.5, 0.0, 0.0, 0.0, 0.0, 1.0 ], [ 0.809017, -0.309017, 0.5, 0.0, 0.309017, -0.5, -0.809017, 0.0, 0.5, 0.809017, -0.309017, 0.0, 0.0, 0.0, 0.0, 1.0 ], [ 0.809017, 0.309017, -0.5, 0.0, 0.309017, 0.5, 0.809017, 0.0, 0.5, -0.809017, 0.309017, 0.0, 0.0, 0.0, 0.0, 1.0 ], [ 0.5, -0.809017, 0.309017, 0.0, 0.809017, 0.309017, -0.5, 0.0, 0.309017, 0.5, 0.809017, 0.0, 0.0, 0.0, 0.0, 1.0 ], [ 0.309017, 0.5, 0.809017, 0.0, 0.5, -0.809017, 0.309017, 0.0, 0.809017, 0.309017, -0.5, 0.0, 0.0, 0.0, 0.0, 1.0 ], [ 1.0, 0.0, 0.0, 0.0, 0.0, -1.0, 0.0, 0.0, 0.0, 0.0, -1.0, 0.0, 0.0, 0.0, 0.0, 1.0 ], [ 0.0, 0.0, 1.0, 0.0, -1.0, 0.0, 0.0, 0.0, 0.0, -1.0, 0.0, 0.0, 0.0, 0.0, 0.0, 1.0 ], [ 0.0, 1.0, 0.0, 0.0, 0.0, 0.0, -1.0, 0.0, -1.0, 0.0, 0.0, 0.0, 0.0, 0.0, 0.0, 1.0 ], [ 0.809017, 0.309017, 0.5, 0.0, -0.309017, -0.5, 0.809017, 0.0, 0.5, -0.809017, -0.309017, 0.0, 0.0, 0.0, 0.0, 1.0 ], [ -0.5, 0.809017, 0.309017, 0.0, -0.809017, -0.309017, -0.5, 0.0, -0.309017, -0.5, 0.809017, 0.0, 0.0, 0.0, 0.0, 1.0 ], [ 0.309017, 0.5, -0.809017, 0.0, 0.5, -0.809017, -0.309017, 0.0, -0.809017, -0.309017, -0.5, 0.0, 0.0, 0.0, 0.0, 1.0 ], [ 0.5, 0.809017, 0.309017, 0.0, -0.809017, 0.309017, 0.5, 0.0, 0.309017, -0.5, 0.809017, 0.0, 0.0, 0.0, 0.0, 1.0 ], [ -0.309017, 0.5, -0.809017, 0.0, -0.5, -0.809017, -0.309017, 0.0, -0.809017, 0.309017, 0.5, 0.0, 0.0, 0.0, 0.0, 1.0 ], [ 0.809017, -0.309017, -0.5, 0.0, 0.309017, -0.5, 0.809017, 0.0, -0.5, -0.809017, -0.309017, 0.0, 0.0, 0.0, 0.0, 1.0 ], [ 0.5, 0.809017, -0.309017, 0.0, -0.809017, 0.309017, -0.5, 0.0, -0.309017, 0.5, 0.809017, 0.0, 0.0, 0.0, 0.0, 1.0 ], [ 0.309017, -0.5, -0.809017, 0.0, -0.5, -0.809017, 0.309017, 0.0, -0.809017, 0.309017, -0.5, 0.0, 0.0, 0.0, 0.0, 1.0 ], [ 0.809017, -0.309017, 0.5, 0.0, -0.309017, 0.5, 0.809017, 0.0, -0.5, -0.809017, 0.309017, 0.0, 0.0, 0.0, 0.0, 1.0 ], [ 0.809017, 0.309017, -0.5, 0.0, -0.309017, -0.5, -0.809017, 0.0, -0.5, 0.809017, -0.309017, 0.0, 0.0, 0.0, 0.0, 1.0 ], [ 0.5, -0.809017, 0.309017, 0.0, -0.809017, -0.309017, 0.5, 0.0, -0.309017, -0.5, -0.809017, 0.0, 0.0, 0.0, 0.0, 1.0 ], [ 0.309017, 0.5, 0.809017, 0.0, -0.5, 0.809017, -0.309017, 0.0, -0.809017, -0.309017, 0.5, 0.0, 0.0, 0.0, 0.0, 1.0 ], [ -1.0, 0.0, 0.0, 0.0, 0.0, -1.0, 0.0, 0.0, 0.0, 0.0, 1.0, 0.0, 0.0, 0.0, 0.0, 1.0 ], [ 0.0, 0.0, -1.0, 0.0, -1.0, 0.0, 0.0, 0.0, 0.0, 1.0, 0.0, 0.0, 0.0, 0.0, 0.0, 1.0 ], [ 0.0, -1.0, 0.0, 0.0, 0.0, 0.0, -1.0, 0.0, 1.0, 0.0, 0.0, 0.0, 0.0, 0.0, 0.0, 1.0 ], [ -0.809017, -0.309017, -0.5, 0.0, -0.309017, -0.5, 0.809017, 0.0, -0.5, 0.809017, 0.309017, 0.0, 0.0, 0.0, 0.0, 1.0 ], [ 0.5, -0.809017, -0.309017, 0.0, -0.809017, -0.309017, -0.5, 0.0, 0.309017, 0.5, -0.809017, 0.0, 0.0, 0.0, 0.0, 1.0 ], [ -0.309017, -0.5, 0.809017, 0.0, 0.5, -0.809017, -0.309017, 0.0, 0.809017, 0.309017, 0.5, 0.0, 0.0, 0.0, 0.0, 1.0 ], [ -0.5, -0.809017, -0.309017, 0.0, -0.809017, 0.309017, 0.5, 0.0, -0.309017, 0.5, -0.809017, 0.0, 0.0, 0.0, 0.0, 1.0 ], [ 0.309017, -0.5, 0.809017, 0.0, -0.5, -0.809017, -0.309017, 0.0, 0.809017, -0.309017, -0.5, 0.0, 0.0, 0.0, 0.0, 1.0 ], [ -0.809017, 0.309017, 0.5, 0.0, 0.309017, -0.5, 0.809017, 0.0, 0.5, 0.809017, 0.309017, 0.0, 0.0, 0.0, 0.0, 1.0 ], [ -0.5, -0.809017, 0.309017, 0.0, -0.809017, 0.309017, -0.5, 0.0, 0.309017, -0.5, -0.809017, 0.0, 0.0, 0.0, 0.0, 1.0 ], [ -0.309017, 0.5, 0.809017, 0.0, -0.5, -0.809017, 0.309017, 0.0, 0.809017, -0.309017, 0.5, 0.0, 0.0, 0.0, 0.0, 1.0 ], [ -0.809017, 0.309017, -0.5, 0.0, -0.309017, 0.5, 0.809017, 0.0, 0.5, 0.809017, -0.309017, 0.0, 0.0, 0.0, 0.0, 1.0 ], [ -0.809017, -0.309017, 0.5, 0.0, -0.309017, -0.5, -0.809017, 0.0, 0.5, -0.809017, 0.309017, 0.0, 0.0, 0.0, 0.0, 1.0 ], [ -0.5, 0.809017, -0.309017, 0.0, -0.809017, -0.309017, 0.5, 0.0, 0.309017, 0.5, 0.809017, 0.0, 0.0, 0.0, 0.0, 1.0 ], [ -0.309017, -0.5, -0.809017, 0.0, -0.5, 0.809017, -0.309017, 0.0, 0.809017, 0.309017, -0.5, 0.0, 0.0, 0.0, 0.0, 1.0 ], [ -1.0, 0.0, 0.0, 0.0, 0.0, 1.0, 0.0, 0.0, 0.0, 0.0, -1.0, 0.0, 0.0, 0.0, 0.0, 1.0 ], [ 0.0, 0.0, -1.0, 0.0, 1.0, 0.0, 0.0, 0.0, 0.0, -1.0, 0.0, 0.0, 0.0, 0.0, 0.0, 1.0 ], [ 0.0, -1.0, 0.0, 0.0, 0.0, 0.0, 1.0, 0.0, -1.0, 0.0, 0.0, 0.0, 0.0, 0.0, 0.0, 1.0 ], [ -0.809017, -0.309017, -0.5, 0.0, 0.309017, 0.5, -0.809017, 0.0, 0.5, -0.809017, -0.309017, 0.0, 0.0, 0.0, 0.0, 1.0 ], [ 0.5, -0.809017, -0.309017, 0.0, 0.809017, 0.309017, 0.5, 0.0, -0.309017, -0.5, 0.809017, 0.0, 0.0, 0.0, 0.0, 1.0 ], [ -0.309017, -0.5, 0.809017, 0.0, -0.5, 0.809017, 0.309017, 0.0, -0.809017, -0.309017, -0.5, 0.0, 0.0, 0.0, 0.0, 1.0 ], [ -0.5, -0.809017, -0.309017, 0.0, 0.809017, -0.309017, -0.5, 0.0, 0.309017, -0.5, 0.809017, 0.0, 0.0, 0.0, 0.0, 1.0 ], [ 0.309017, -0.5, 0.809017, 0.0, 0.5, 0.809017, 0.309017, 0.0, -0.809017, 0.309017, 0.5, 0.0, 0.0, 0.0, 0.0, 1.0 ], [ -0.809017, 0.309017, 0.5, 0.0, -0.309017, 0.5, -0.809017, 0.0, -0.5, -0.809017, -0.309017, 0.0, 0.0, 0.0, 0.0, 1.0 ], [ -0.5, -0.809017, 0.309017, 0.0, 0.809017, -0.309017, 0.5, 0.0, -0.309017, 0.5, 0.809017, 0.0, 0.0, 0.0, 0.0, 1.0 ], [ -0.309017, 0.5, 0.809017, 0.0, 0.5, 0.809017, -0.309017, 0.0, -0.809017, 0.309017, -0.5, 0.0, 0.0, 0.0, 0.0, 1.0 ], [ -0.809017, 0.309017, -0.5, 0.0, 0.309017, -0.5, -0.809017, 0.0, -0.5, -0.809017, 0.309017, 0.0, 0.0, 0.0, 0.0, 1.0 ], [ -0.809017, -0.309017, 0.5, 0.0, 0.309017, 0.5, 0.809017, 0.0, -0.5, 0.809017, -0.309017, 0.0, 0.0, 0.0, 0.0, 1.0 ], [ -0.5, 0.809017, -0.309017, 0.0, 0.809017, 0.309017, -0.5, 0.0, -0.309017, -0.5, -0.809017, 0.0, 0.0, 0.0, 0.0, 1.0 ], [ -0.309017, -0.5, -0.809017, 0.0, 0.5, -0.809017, 0.309017, 0.0, -0.809017, -0.309017, 0.5, 0.0, 0.0, 0.0, 0.0, 1.0 ] ],
  "lights" : {
    "directionalLights" : [ {
      "direction" : {
        "x" : 1.0,
        "y" : -1.0,
        "z" : -1.0
      },
      "color" : "#EBEBE4"
    }, {
      "direction" : {
        "x" : -1.0,
        "y" : 0.0,
        "z" : 0.0
      },
      "color" : "#E4E4EB"
    }, {
      "direction" : {
        "x" : 0.0,
        "y" : 0.0,
        "z" : -1.0
      },
      "color" : "#1E1E1E"
    } ],
    "backgroundColor" : "#AFC8DC",
    "ambientColor" : "#292929"
  },
  "camera" : {
    "position" : {
      "x" : 28.235168,
      "y" : 127.050835,
      "z" : -46.549133
    },
    "width" : 62.201046,
    "perspective" : true,
    "viewDistance" : 138.22453,
    "lookAtPoint" : {
      "x" : 0.0,
      "y" : 0.0,
      "z" : 0.0
    },
    "fieldOfView" : 0.44262892,
    "farClipDistance" : 276.44907,
    "nearClipDistance" : 0.34556133,
    "upDirection" : {
      "x" : 0.32706982,
      "y" : -0.38833115,
      "z" : -0.8615229
    },
    "stereo" : false,
    "lookDirection" : {
      "x" : -0.20427032,
      "y" : -0.9191627,
      "z" : 0.33676463
    }
  },
  "embedding" : [ 1.0, 0.0, 0.0, 0.0, 0.0, 1.0, 0.0, 0.0, 0.0, 0.0, 1.0, 0.0, 0.0, 0.0, 0.0, 1.0 ],
  "shapes" : [ {
    "id" : "ffbe9364-bb74-4592-b4a7-ce1c24b4f96d",
    "vertices" : [ {
      "x" : 7.472136,
      "y" : 0.309017,
      "z" : 0.19098301
    }, {
      "x" : 7.472136,
      "y" : 0.309017,
      "z" : -0.19098301
    }, {
      "x" : 1.0,
      "y" : 0.309017,
      "z" : -0.19098301
    }, {
      "x" : 1.0,
      "y" : 0.309017,
      "z" : 0.19098301
    }, {
      "x" : 7.472136,
      "y" : -0.309017,
      "z" : 0.19098301
    }, {
      "x" : 1.0,
      "y" : -0.309017,
      "z" : 0.19098301
    }, {
      "x" : 1.0,
      "y" : -0.309017,
      "z" : -0.19098301
    }, {
      "x" : 7.472136,
      "y" : -0.309017,
      "z" : -0.19098301
    }, {
      "x" : 8.472136,
      "y" : 0.0,
      "z" : 0.0
    } ],
    "faces" : [ {
      "vertices" : [ 1, 7, 6 ]
    }, {
      "vertices" : [ 1, 6, 2 ]
    }, {
      "vertices" : [ 0, 1, 2 ]
    }, {
      "vertices" : [ 0, 2, 3 ]
    }, {
      "vertices" : [ 4, 5, 6 ]
    }, {
      "vertices" : [ 4, 6, 7 ]
    }, {
      "vertices" : [ 0, 3, 5 ]
    }, {
      "vertices" : [ 0, 5, 4 ]
    } ]
  }, {
    "id" : "cdcffba3-9b48-496f-876b-913560aa9ed1",
    "vertices" : [ {
      "x" : 4.236068,
      "y" : 0.309017,
      "z" : 0.19098301
    }, {
      "x" : 4.236068,
      "y" : 0.309017,
      "z" : -0.19098301
    }, {
      "x" : 1.0,
      "y" : 0.309017,
      "z" : -0.19098301
    }, {
      "x" : 1.0,
      "y" : 0.309017,
      "z" : 0.19098301
    }, {
      "x" : 4.236068,
      "y" : -0.309017,
      "z" : 0.19098301
    }, {
      "x" : 1.0,
      "y" : -0.309017,
      "z" : 0.19098301
    }, {
      "x" : 1.0,
      "y" : -0.309017,
      "z" : -0.19098301
    }, {
      "x" : 4.236068,
      "y" : -0.309017,
      "z" : -0.19098301
    }, {
      "x" : 5.236068,
      "y" : 0.0,
      "z" : 0.0
    } ],
    "faces" : [ {
      "vertices" : [ 1, 7, 6 ]
    }, {
      "vertices" : [ 1, 6, 2 ]
    }, {
      "vertices" : [ 0, 1, 2 ]
    }, {
      "vertices" : [ 0, 2, 3 ]
    }, {
      "vertices" : [ 4, 5, 6 ]
    }, {
      "vertices" : [ 4, 6, 7 ]
    }, {
      "vertices" : [ 0, 3, 5 ]
    }, {
      "vertices" : [ 0, 5, 4 ]
    } ]
  }, {
    "id" : "c9d5eb1e-1da8-470e-9e8b-f422eb1673d2",
    "vertices" : [ {
      "x" : 0.309017,
      "y" : -0.809017,
      "z" : 0.618034
    }, {
      "x" : 0.809017,
      "y" : -0.618034,
      "z" : 0.309017
    }, {
      "x" : 0.618034,
      "y" : -0.309017,
      "z" : 0.809017
    }, {
      "x" : 1.0,
      "y" : 0.309017,
      "z" : 0.19098301
    }, {
      "x" : 0.809017,
      "y" : 0.618034,
      "z" : 0.309017
    }, {
      "x" : 0.618034,
      "y" : 0.309017,
      "z" : 0.809017
    }, {
      "x" : 0.809017,
      "y" : 0.0,
      "z" : 0.690983
    }, {
      "x" : 0.19098301,
      "y" : -1.0,
      "z" : 0.309017
    }, {
      "x" : -0.19098301,
      "y" : -1.0,
      "z" : 0.309017
    }, {
      "x" : -0.19098301,
      "y" : -1.0,
      "z" : -0.309017
    }, {
      "x" : 0.19098301,
      "y" : -1.0,
      "z" : -0.309017
    }, {
      "x" : 1.0,
      "y" : -0.309017,
      "z" : -0.19098301
    }, {
      "x" : 0.809017,
      "y" : -0.618034,
      "z" : -0.309017
    }, {
      "x" : 0.618034,
      "y" : -0.309017,
      "z" : -0.809017
    }, {
      "x" : 0.809017,
      "y" : 0.0,
      "z" : -0.690983
    }, {
      "x" : 0.0,
      "y" : 0.690983,
      "z" : -0.809017
    }, {
      "x" : 0.309017,
      "y" : 0.809017,
      "z" : -0.618034
    }, {
      "x" : 0.618034,
      "y" : 0.309017,
      "z" : -0.809017
    }, {
      "x" : 0.309017,
      "y" : 0.19098301,
      "z" : -1.0
    }, {
      "x" : 1.0,
      "y" : 0.309017,
      "z" : -0.19098301
    }, {
      "x" : -0.309017,
      "y" : -0.809017,
      "z" : 0.618034
    }, {
      "x" : 0.0,
      "y" : -0.690983,
      "z" : 0.809017
    }, {
      "x" : 0.809017,
      "y" : 0.618034,
      "z" : -0.309017
    }, {
      "x" : 0.690983,
      "y" : 0.809017,
      "z" : 0.0
    }, {
      "x" : -0.690983,
      "y" : 0.809017,
      "z" : 0.0
    }, {
      "x" : -0.809017,
      "y" : 0.618034,
      "z" : 0.309017
    }, {
      "x" : -0.309017,
      "y" : 0.809017,
      "z" : 0.618034
    }, {
      "x" : -0.19098301,
      "y" : 1.0,
      "z" : 0.309017
    }, {
      "x" : 0.309017,
      "y" : -0.19098301,
      "z" : -1.0
    }, {
      "x" : 0.19098301,
      "y" : 1.0,
      "z" : 0.309017
    }, {
      "x" : 0.309017,
      "y" : 0.809017,
      "z" : 0.618034
    }, {
      "x" : -0.809017,
      "y" : -0.618034,
      "z" : 0.309017
    }, {
      "x" : -0.690983,
      "y" : -0.809017,
      "z" : 0.0
    }, {
      "x" : 0.0,
      "y" : 0.690983,
      "z" : 0.809017
    }, {
      "x" : 0.309017,
      "y" : -0.809017,
      "z" : -0.618034
    }, {
      "x" : 0.0,
      "y" : -0.690983,
      "z" : -0.809017
    }, {
      "x" : -1.0,
      "y" : 0.309017,
      "z" : 0.19098301
    }, {
      "x" : -0.809017,
      "y" : 0.0,
      "z" : 0.690983
    }, {
      "x" : -0.618034,
      "y" : 0.309017,
      "z" : 0.809017
    }, {
      "x" : 1.0,
      "y" : -0.309017,
      "z" : 0.19098301
    }, {
      "x" : -0.309017,
      "y" : -0.809017,
      "z" : -0.618034
    }, {
      "x" : -1.0,
      "y" : 0.309017,
      "z" : -0.19098301
    }, {
      "x" : -1.0,
      "y" : -0.309017,
      "z" : -0.19098301
    }, {
      "x" : -1.0,
      "y" : -0.309017,
      "z" : 0.19098301
    }, {
      "x" : 0.19098301,
      "y" : 1.0,
      "z" : -0.309017
    }, {
      "x" : -0.809017,
      "y" : 0.618034,
      "z" : -0.309017
    }, {
      "x" : -0.19098301,
      "y" : 1.0,
      "z" : -0.309017
    }, {
      "x" : -0.309017,
      "y" : 0.809017,
      "z" : -0.618034
    }, {
      "x" : -0.618034,
      "y" : -0.309017,
      "z" : 0.809017
    }, {
      "x" : 0.309017,
      "y" : 0.19098301,
      "z" : 1.0
    }, {
      "x" : -0.309017,
      "y" : 0.19098301,
      "z" : -1.0
    }, {
      "x" : -0.309017,
      "y" : 0.19098301,
      "z" : 1.0
    }, {
      "x" : -0.309017,
      "y" : -0.19098301,
      "z" : 1.0
    }, {
      "x" : 0.309017,
      "y" : -0.19098301,
      "z" : 1.0
    }, {
      "x" : 0.690983,
      "y" : -0.809017,
      "z" : 0.0
    }, {
      "x" : -0.809017,
      "y" : 0.0,
      "z" : -0.690983
    }, {
      "x" : -0.618034,
      "y" : -0.309017,
      "z" : -0.809017
    }, {
      "x" : -0.309017,
      "y" : -0.19098301,
      "z" : -1.0
    }, {
      "x" : -0.618034,
      "y" : 0.309017,
      "z" : -0.809017
    }, {
      "x" : -0.809017,
      "y" : -0.618034,
      "z" : -0.309017
    } ],
    "faces" : [ {
      "vertices" : [ 9, 40, 35 ]
    }, {
      "vertices" : [ 9, 35, 34 ]
    }, {
      "vertices" : [ 9, 34, 10 ]
    }, {
      "vertices" : [ 0, 1, 2 ]
    }, {
      "vertices" : [ 33, 51, 49 ]
    }, {
      "vertices" : [ 25, 36, 37 ]
    }, {
      "vertices" : [ 25, 37, 38 ]
    }, {
      "vertices" : [ 41, 55, 42 ]
    }, {
      "vertices" : [ 9, 32, 59 ]
    }, {
      "vertices" : [ 9, 59, 40 ]
    }, {
      "vertices" : [ 20, 21, 52 ]
    }, {
      "vertices" : [ 20, 52, 48 ]
    }, {
      "vertices" : [ 26, 33, 30 ]
    }, {
      "vertices" : [ 26, 30, 29 ]
    }, {
      "vertices" : [ 26, 29, 27 ]
    }, {
      "vertices" : [ 3, 4, 5 ]
    }, {
      "vertices" : [ 3, 5, 6 ]
    }, {
      "vertices" : [ 27, 29, 44 ]
    }, {
      "vertices" : [ 27, 44, 46 ]
    }, {
      "vertices" : [ 50, 57, 56 ]
    }, {
      "vertices" : [ 50, 56, 55 ]
    }, {
      "vertices" : [ 50, 55, 58 ]
    }, {
      "vertices" : [ 26, 38, 51 ]
    }, {
      "vertices" : [ 26, 51, 33 ]
    }, {
      "vertices" : [ 45, 47, 58 ]
    }, {
      "vertices" : [ 18, 28, 57 ]
    }, {
      "vertices" : [ 18, 57, 50 ]
    }, {
      "vertices" : [ 40, 59, 56 ]
    }, {
      "vertices" : [ 31, 48, 37 ]
    }, {
      "vertices" : [ 31, 37, 43 ]
    }, {
      "vertices" : [ 7, 8, 9 ]
    }, {
      "vertices" : [ 7, 9, 10 ]
    }, {
      "vertices" : [ 36, 41, 42 ]
    }, {
      "vertices" : [ 36, 42, 43 ]
    }, {
      "vertices" : [ 24, 46, 47 ]
    }, {
      "vertices" : [ 24, 47, 45 ]
    }, {
      "vertices" : [ 4, 30, 5 ]
    }, {
      "vertices" : [ 15, 47, 46 ]
    }, {
      "vertices" : [ 15, 46, 44 ]
    }, {
      "vertices" : [ 15, 44, 16 ]
    }, {
      "vertices" : [ 15, 50, 58 ]
    }, {
      "vertices" : [ 15, 58, 47 ]
    }, {
      "vertices" : [ 24, 45, 41 ]
    }, {
      "vertices" : [ 24, 41, 36 ]
    }, {
      "vertices" : [ 24, 36, 25 ]
    }, {
      "vertices" : [ 11, 14, 19 ]
    }, {
      "vertices" : [ 3, 6, 39 ]
    }, {
      "vertices" : [ 1, 39, 6 ]
    }, {
      "vertices" : [ 1, 6, 2 ]
    }, {
      "vertices" : [ 8, 32, 9 ]
    }, {
      "vertices" : [ 11, 12, 13 ]
    }, {
      "vertices" : [ 11, 13, 14 ]
    }, {
      "vertices" : [ 16, 22, 17 ]
    }, {
      "vertices" : [ 0, 21, 20 ]
    }, {
      "vertices" : [ 0, 20, 8 ]
    }, {
      "vertices" : [ 0, 8, 7 ]
    }, {
      "vertices" : [ 12, 34, 13 ]
    }, {
      "vertices" : [ 35, 40, 56 ]
    }, {
      "vertices" : [ 35, 56, 57 ]
    }, {
      "vertices" : [ 0, 7, 54 ]
    }, {
      "vertices" : [ 0, 54, 1 ]
    }, {
      "vertices" : [ 15, 16, 17 ]
    }, {
      "vertices" : [ 15, 17, 18 ]
    }, {
      "vertices" : [ 3, 19, 22 ]
    }, {
      "vertices" : [ 3, 22, 23 ]
    }, {
      "vertices" : [ 3, 23, 4 ]
    }, {
      "vertices" : [ 7, 10, 54 ]
    }, {
      "vertices" : [ 41, 45, 58 ]
    }, {
      "vertices" : [ 41, 58, 55 ]
    }, {
      "vertices" : [ 3, 39, 11 ]
    }, {
      "vertices" : [ 3, 11, 19 ]
    }, {
      "vertices" : [ 14, 17, 22 ]
    }, {
      "vertices" : [ 14, 22, 19 ]
    }, {
      "vertices" : [ 0, 2, 53 ]
    }, {
      "vertices" : [ 0, 53, 21 ]
    }, {
      "vertices" : [ 49, 51, 52 ]
    }, {
      "vertices" : [ 49, 52, 53 ]
    }, {
      "vertices" : [ 31, 43, 42 ]
    }, {
      "vertices" : [ 31, 42, 59 ]
    }, {
      "vertices" : [ 31, 59, 32 ]
    }, {
      "vertices" : [ 15, 18, 50 ]
    }, {
      "vertices" : [ 42, 55, 56 ]
    }, {
      "vertices" : [ 42, 56, 59 ]
    }, {
      "vertices" : [ 4, 23, 29 ]
    }, {
      "vertices" : [ 4, 29, 30 ]
    }, {
      "vertices" : [ 25, 38, 26 ]
    }, {
      "vertices" : [ 13, 28, 18 ]
    }, {
      "vertices" : [ 13, 18, 17 ]
    }, {
      "vertices" : [ 13, 17, 14 ]
    }, {
      "vertices" : [ 8, 20, 31 ]
    }, {
      "vertices" : [ 8, 31, 32 ]
    }, {
      "vertices" : [ 23, 44, 29 ]
    }, {
      "vertices" : [ 24, 27, 46 ]
    }, {
      "vertices" : [ 37, 48, 52 ]
    }, {
      "vertices" : [ 37, 52, 51 ]
    }, {
      "vertices" : [ 37, 51, 38 ]
    }, {
      "vertices" : [ 20, 48, 31 ]
    }, {
      "vertices" : [ 24, 25, 26 ]
    }, {
      "vertices" : [ 24, 26, 27 ]
    }, {
      "vertices" : [ 16, 44, 23 ]
    }, {
      "vertices" : [ 16, 23, 22 ]
    }, {
      "vertices" : [ 13, 34, 35 ]
    }, {
      "vertices" : [ 13, 35, 28 ]
    }, {
      "vertices" : [ 10, 34, 12 ]
    }, {
      "vertices" : [ 10, 12, 54 ]
    }, {
      "vertices" : [ 2, 6, 5 ]
    }, {
      "vertices" : [ 2, 5, 49 ]
    }, {
      "vertices" : [ 2, 49, 53 ]
    }, {
      "vertices" : [ 36, 43, 37 ]
    }, {
      "vertices" : [ 5, 30, 33 ]
    }, {
      "vertices" : [ 5, 33, 49 ]
    }, {
      "vertices" : [ 1, 54, 12 ]
    }, {
      "vertices" : [ 1, 12, 11 ]
    }, {
      "vertices" : [ 1, 11, 39 ]
    }, {
      "vertices" : [ 28, 35, 57 ]
    }, {
      "vertices" : [ 21, 53, 52 ]
    } ]
  } ],
  "instances" : [ {
    "shape" : "ffbe9364-bb74-4592-b4a7-ce1c24b4f96d",
    "color" : "#007695",
    "position" : {
      "x" : -2.618034,
      "y" : -13.708204,
      "z" : 4.236068
    },
    "orientation" : 56
  }, {
    "shape" : "cdcffba3-9b48-496f-876b-913560aa9ed1",
    "color" : "#007695",
    "position" : {
      "x" : 11.09017,
      "y" : -8.472136,
      "z" : -4.236068
    },
    "orientation" : 40
  }, {
    "shape" : "c9d5eb1e-1da8-470e-9e8b-f422eb1673d2",
    "color" : "#FFFFFF",
    "position" : {
      "x" : -11.09017,
      "y" : 0.0,
      "z" : 9.472136
    }
  }, {
    "shape" : "ffbe9364-bb74-4592-b4a7-ce1c24b4f96d",
    "color" : "#007695",
    "position" : {
      "x" : 13.708204,
      "y" : 4.236068,
      "z" : 2.618034
    },
    "orientation" : 40
  }, {
    "shape" : "ffbe9364-bb74-4592-b4a7-ce1c24b4f96d",
    "color" : "#007695",
    "position" : {
      "x" : -4.236068,
      "y" : 2.618034,
      "z" : -13.708204
    },
    "orientation" : 0
  }, {
    "shape" : "cdcffba3-9b48-496f-876b-913560aa9ed1",
    "color" : "#007695",
    "position" : {
      "x" : 4.236068,
      "y" : -11.09017,
      "z" : -8.472136
    },
    "orientation" : 56
  }, {
    "shape" : "c9d5eb1e-1da8-470e-9e8b-f422eb1673d2",
    "color" : "#FFFFFF",
    "position" : {
      "x" : -11.09017,
      "y" : 0.0,
      "z" : -9.472136
    }
  }, {
    "shape" : "ffbe9364-bb74-4592-b4a7-ce1c24b4f96d",
    "color" : "#007695",
    "position" : {
      "x" : 8.472136,
      "y" : 4.236068,
      "z" : -11.09017
    },
    "orientation" : 10
  }, {
    "shape" : "cdcffba3-9b48-496f-876b-913560aa9ed1",
    "color" : "#007695",
    "position" : {
      "x" : -2.618034,
      "y" : 13.708204,
      "z" : -4.236068
    },
    "orientation" : 0
  }, {
    "shape" : "c9d5eb1e-1da8-470e-9e8b-f422eb1673d2",
    "color" : "#FFFFFF",
    "position" : {
      "x" : 4.236068,
      "y" : 11.09017,
      "z" : 8.472136
    }
  }, {
    "shape" : "c9d5eb1e-1da8-470e-9e8b-f422eb1673d2",
    "color" : "#FFFFFF",
    "position" : {
      "x" : 11.09017,
      "y" : 0.0,
      "z" : 9.472136
    }
  }, {
    "shape" : "ffbe9364-bb74-4592-b4a7-ce1c24b4f96d",
    "color" : "#007695",
    "position" : {
      "x" : 2.618034,
      "y" : -13.708204,
      "z" : -4.236068
    },
    "orientation" : 2
  }, {
    "shape" : "ffbe9364-bb74-4592-b4a7-ce1c24b4f96d",
    "color" : "#007695",
    "position" : {
      "x" : 4.236068,
      "y" : -11.09017,
      "z" : 8.472136
    },
    "orientation" : 23
  }, {
    "shape" : "cdcffba3-9b48-496f-876b-913560aa9ed1",
    "color" : "#007695",
    "position" : {
      "x" : 4.236068,
      "y" : -2.618034,
      "z" : 13.708204
    },
    "orientation" : 1
  }, {
    "shape" : "cdcffba3-9b48-496f-876b-913560aa9ed1",
    "color" : "#007695",
    "position" : {
      "x" : 11.09017,
      "y" : -8.472136,
      "z" : 4.236068
    },
    "orientation" : 6
  }, {
    "shape" : "cdcffba3-9b48-496f-876b-913560aa9ed1",
    "color" : "#007695",
    "position" : {
      "x" : 11.09017,
      "y" : -8.472136,
      "z" : 4.236068
    },
    "orientation" : 22
  }, {
    "shape" : "c9d5eb1e-1da8-470e-9e8b-f422eb1673d2",
    "color" : "#FFFFFF",
    "position" : {
      "x" : -9.472136,
      "y" : 11.09017,
      "z" : 0.0
    }
  }, {
    "shape" : "cdcffba3-9b48-496f-876b-913560aa9ed1",
    "color" : "#007695",
    "position" : {
      "x" : -4.236068,
      "y" : -2.618034,
      "z" : 13.708204
    },
    "orientation" : 1
  }, {
    "shape" : "ffbe9364-bb74-4592-b4a7-ce1c24b4f96d",
    "color" : "#007695",
    "position" : {
      "x" : 13.708204,
      "y" : 4.236068,
      "z" : 2.618034
    },
    "orientation" : 16
  }, {
    "shape" : "cdcffba3-9b48-496f-876b-913560aa9ed1",
    "color" : "#007695",
    "position" : {
      "x" : -11.09017,
      "y" : 8.472136,
      "z" : -4.236068
    },
    "orientation" : 10
  }, {
    "shape" : "c9d5eb1e-1da8-470e-9e8b-f422eb1673d2",
    "color" : "#FFFFFF",
    "position" : {
      "x" : 4.236068,
      "y" : -11.09017,
      "z" : -8.472136
    }
  }, {
    "shape" : "ffbe9364-bb74-4592-b4a7-ce1c24b4f96d",
    "color" : "#007695",
    "position" : {
      "x" : -8.472136,
      "y" : 4.236068,
      "z" : -11.09017
    },
    "orientation" : 7
  }, {
    "shape" : "cdcffba3-9b48-496f-876b-913560aa9ed1",
    "color" : "#007695",
    "position" : {
      "x" : 8.472136,
      "y" : -4.236068,
      "z" : -11.09017
    },
    "orientation" : 9
  }, {
    "shape" : "c9d5eb1e-1da8-470e-9e8b-f422eb1673d2",
    "color" : "#FFFFFF",
    "position" : {
      "x" : -9.472136,
      "y" : -11.09017,
      "z" : 0.0
    }
  }, {
    "shape" : "cdcffba3-9b48-496f-876b-913560aa9ed1",
    "color" : "#007695",
    "position" : {
      "x" : -2.618034,
      "y" : -13.708204,
      "z" : -4.236068
    },
    "orientation" : 0
  }, {
    "shape" : "c9d5eb1e-1da8-470e-9e8b-f422eb1673d2",
    "color" : "#FFFFFF",
    "position" : {
      "x" : 13.708204,
      "y" : -4.236068,
      "z" : 2.618034
    }
  }, {
    "shape" : "cdcffba3-9b48-496f-876b-913560aa9ed1",
    "color" : "#007695",
    "position" : {
      "x" : -8.472136,
      "y" : 4.236068,
      "z" : 11.09017
    },
    "orientation" : 8
  }, {
    "shape" : "ffbe9364-bb74-4592-b4a7-ce1c24b4f96d",
    "color" : "#007695",
    "position" : {
      "x" : 4.236068,
      "y" : 11.09017,
      "z" : 8.472136
    },
    "orientation" : 21
  }, {
    "shape" : "cdcffba3-9b48-496f-876b-913560aa9ed1",
    "color" : "#007695",
    "position" : {
      "x" : 2.618034,
      "y" : 13.708204,
      "z" : 4.236068
    },
    "orientation" : 45
  }, {
    "shape" : "ffbe9364-bb74-4592-b4a7-ce1c24b4f96d",
    "color" : "#007695",
    "position" : {
      "x" : 4.236068,
      "y" : 11.09017,
      "z" : -8.472136
    },
    "orientation" : 8
  }, {
    "shape" : "cdcffba3-9b48-496f-876b-913560aa9ed1",
    "color" : "#007695",
    "position" : {
      "x" : 0.0,
      "y" : 9.472136,
      "z" : 11.09017
    },
    "orientation" : 56
  }, {
    "shape" : "c9d5eb1e-1da8-470e-9e8b-f422eb1673d2",
    "color" : "#FFFFFF",
    "position" : {
      "x" : -2.618034,
      "y" : -13.708204,
      "z" : -4.236068
    }
  }, {
    "shape" : "c9d5eb1e-1da8-470e-9e8b-f422eb1673d2",
    "color" : "#FFFFFF",
    "position" : {
      "x" : -2.618034,
      "y" : 13.708204,
      "z" : 4.236068
    }
  }, {
    "shape" : "ffbe9364-bb74-4592-b4a7-ce1c24b4f96d",
    "color" : "#007695",
    "position" : {
      "x" : -11.09017,
      "y" : 0.0,
      "z" : -9.472136
    },
    "orientation" : 7
  }, {
    "shape" : "c9d5eb1e-1da8-470e-9e8b-f422eb1673d2",
    "color" : "#FFFFFF",
    "position" : {
      "x" : -4.236068,
      "y" : -2.618034,
      "z" : -13.708204
    }
  }, {
    "shape" : "c9d5eb1e-1da8-470e-9e8b-f422eb1673d2",
    "color" : "#FFFFFF",
    "position" : {
      "x" : 11.09017,
      "y" : 8.472136,
      "z" : 4.236068
    }
  }, {
    "shape" : "cdcffba3-9b48-496f-876b-913560aa9ed1",
    "color" : "#007695",
    "position" : {
      "x" : -4.236068,
      "y" : 2.618034,
      "z" : -13.708204
    },
    "orientation" : 16
  }, {
    "shape" : "ffbe9364-bb74-4592-b4a7-ce1c24b4f96d",
    "color" : "#007695",
    "position" : {
      "x" : 0.0,
      "y" : 9.472136,
      "z" : -11.09017
    },
    "orientation" : 24
  }, {
    "shape" : "ffbe9364-bb74-4592-b4a7-ce1c24b4f96d",
    "color" : "#007695",
    "position" : {
      "x" : -4.236068,
      "y" : -11.09017,
      "z" : 8.472136
    },
    "orientation" : 56
  }, {
    "shape" : "c9d5eb1e-1da8-470e-9e8b-f422eb1673d2",
    "color" : "#FFFFFF",
    "position" : {
      "x" : -4.236068,
      "y" : -11.09017,
      "z" : 8.472136
    }
  }, {
    "shape" : "cdcffba3-9b48-496f-876b-913560aa9ed1",
    "color" : "#007695",
    "position" : {
      "x" : -11.09017,
      "y" : 0.0,
      "z" : -9.472136
    },
    "orientation" : 24
  }, {
    "shape" : "c9d5eb1e-1da8-470e-9e8b-f422eb1673d2",
    "color" : "#FFFFFF",
    "position" : {
      "x" : -4.236068,
      "y" : -11.09017,
      "z" : -8.472136
    }
  }, {
    "shape" : "cdcffba3-9b48-496f-876b-913560aa9ed1",
    "color" : "#007695",
    "position" : {
      "x" : 4.236068,
      "y" : -11.09017,
      "z" : 8.472136
    },
    "orientation" : 38
  }, {
    "shape" : "ffbe9364-bb74-4592-b4a7-ce1c24b4f96d",
    "color" : "#007695",
    "position" : {
      "x" : 4.236068,
      "y" : -11.09017,
      "z" : 8.472136
    },
    "orientation" : 9
  }, {
    "shape" : "ffbe9364-bb74-4592-b4a7-ce1c24b4f96d",
    "color" : "#007695",
    "position" : {
      "x" : 0.0,
      "y" : 9.472136,
      "z" : -11.09017
    },
    "orientation" : 36
  }, {
    "shape" : "c9d5eb1e-1da8-470e-9e8b-f422eb1673d2",
    "color" : "#FFFFFF",
    "position" : {
      "x" : 9.472136,
      "y" : -11.09017,
      "z" : 0.0
    }
  }, {
    "shape" : "ffbe9364-bb74-4592-b4a7-ce1c24b4f96d",
    "color" : "#007695",
    "position" : {
      "x" : -4.236068,
      "y" : 11.09017,
      "z" : 8.472136
    },
    "orientation" : 53
  }, {
    "shape" : "ffbe9364-bb74-4592-b4a7-ce1c24b4f96d",
    "color" : "#007695",
    "position" : {
      "x" : -13.708204,
      "y" : 4.236068,
      "z" : 2.618034
    },
    "orientation" : 37
  }, {
    "shape" : "ffbe9364-bb74-4592-b4a7-ce1c24b4f96d",
    "color" : "#007695",
    "position" : {
      "x" : 9.472136,
      "y" : 11.09017,
      "z" : 0.0
    },
    "orientation" : 56
  }, {
    "shape" : "c9d5eb1e-1da8-470e-9e8b-f422eb1673d2",
    "color" : "#FFFFFF",
    "position" : {
      "x" : -8.472136,
      "y" : 4.236068,
      "z" : -11.09017
    }
  }, {
    "shape" : "ffbe9364-bb74-4592-b4a7-ce1c24b4f96d",
    "color" : "#007695",
    "position" : {
      "x" : -8.472136,
      "y" : -4.236068,
      "z" : 11.09017
    },
    "orientation" : 22
  }, {
    "shape" : "cdcffba3-9b48-496f-876b-913560aa9ed1",
    "color" : "#007695",
    "position" : {
      "x" : 9.472136,
      "y" : 11.09017,
      "z" : 0.0
    },
    "orientation" : 25
  }, {
    "shape" : "cdcffba3-9b48-496f-876b-913560aa9ed1",
    "color" : "#007695",
    "position" : {
      "x" : -8.472136,
      "y" : 4.236068,
      "z" : -11.09017
    },
    "orientation" : 39
  }, {
    "shape" : "ffbe9364-bb74-4592-b4a7-ce1c24b4f96d",
    "color" : "#007695",
    "position" : {
      "x" : -4.236068,
      "y" : 11.09017,
      "z" : -8.472136
    },
    "orientation" : 41
  }, {
    "shape" : "ffbe9364-bb74-4592-b4a7-ce1c24b4f96d",
    "color" : "#007695",
    "position" : {
      "x" : -4.236068,
      "y" : -2.618034,
      "z" : 13.708204
    },
    "orientation" : 24
  }, {
    "shape" : "ffbe9364-bb74-4592-b4a7-ce1c24b4f96d",
    "color" : "#007695",
    "position" : {
      "x" : 11.09017,
      "y" : -8.472136,
      "z" : -4.236068
    },
    "orientation" : 55
  }, {
    "shape" : "cdcffba3-9b48-496f-876b-913560aa9ed1",
    "color" : "#007695",
    "position" : {
      "x" : 8.472136,
      "y" : 4.236068,
      "z" : 11.09017
    },
    "orientation" : 41
  }, {
    "shape" : "c9d5eb1e-1da8-470e-9e8b-f422eb1673d2",
    "color" : "#FFFFFF",
    "position" : {
      "x" : 8.472136,
      "y" : -4.236068,
      "z" : 11.09017
    }
  }, {
    "shape" : "ffbe9364-bb74-4592-b4a7-ce1c24b4f96d",
    "color" : "#007695",
    "position" : {
      "x" : 2.618034,
      "y" : 13.708204,
      "z" : 4.236068
    },
    "orientation" : 26
  }, {
    "shape" : "c9d5eb1e-1da8-470e-9e8b-f422eb1673d2",
    "color" : "#FFFFFF",
    "position" : {
      "x" : -2.618034,
      "y" : -13.708204,
      "z" : 4.236068
    }
  }, {
    "shape" : "c9d5eb1e-1da8-470e-9e8b-f422eb1673d2",
    "color" : "#FFFFFF",
    "position" : {
      "x" : 13.708204,
      "y" : 4.236068,
      "z" : -2.618034
    }
  }, {
    "shape" : "cdcffba3-9b48-496f-876b-913560aa9ed1",
    "color" : "#007695",
    "position" : {
      "x" : 8.472136,
      "y" : 4.236068,
      "z" : 11.09017
    },
    "orientation" : 24
  }, {
    "shape" : "cdcffba3-9b48-496f-876b-913560aa9ed1",
    "color" : "#007695",
    "position" : {
      "x" : -8.472136,
      "y" : 4.236068,
      "z" : -11.09017
    },
    "orientation" : 26
  }, {
    "shape" : "ffbe9364-bb74-4592-b4a7-ce1c24b4f96d",
    "color" : "#007695",
    "position" : {
      "x" : 13.708204,
      "y" : -4.236068,
      "z" : 2.618034
    },
    "orientation" : 7
  }, {
    "shape" : "c9d5eb1e-1da8-470e-9e8b-f422eb1673d2",
    "color" : "#FFFFFF",
    "position" : {
      "x" : -4.236068,
      "y" : 11.09017,
      "z" : -8.472136
    }
  }, {
    "shape" : "cdcffba3-9b48-496f-876b-913560aa9ed1",
    "color" : "#007695",
    "position" : {
      "x" : -9.472136,
      "y" : -11.09017,
      "z" : 0.0
    },
    "orientation" : 7
  }, {
    "shape" : "cdcffba3-9b48-496f-876b-913560aa9ed1",
    "color" : "#007695",
    "position" : {
      "x" : 0.0,
      "y" : 9.472136,
      "z" : -11.09017
    },
    "orientation" : 38
  }, {
    "shape" : "cdcffba3-9b48-496f-876b-913560aa9ed1",
    "color" : "#007695",
    "position" : {
      "x" : -9.472136,
      "y" : 11.09017,
      "z" : 0.0
    },
    "orientation" : 40
  }, {
    "shape" : "ffbe9364-bb74-4592-b4a7-ce1c24b4f96d",
    "color" : "#007695",
    "position" : {
      "x" : 13.708204,
      "y" : 4.236068,
      "z" : -2.618034
    },
    "orientation" : 16
  }, {
    "shape" : "cdcffba3-9b48-496f-876b-913560aa9ed1",
    "color" : "#007695",
    "position" : {
      "x" : -4.236068,
      "y" : -11.09017,
      "z" : -8.472136
    },
    "orientation" : 23
  }, {
    "shape" : "cdcffba3-9b48-496f-876b-913560aa9ed1",
    "color" : "#007695",
    "position" : {
      "x" : 13.708204,
      "y" : -4.236068,
      "z" : -2.618034
    },
    "orientation" : 2
  }, {
    "shape" : "cdcffba3-9b48-496f-876b-913560aa9ed1",
    "color" : "#007695",
    "position" : {
      "x" : 0.0,
      "y" : -9.472136,
      "z" : 11.09017
    },
    "orientation" : 53
  }, {
    "shape" : "c9d5eb1e-1da8-470e-9e8b-f422eb1673d2",
    "color" : "#FFFFFF",
    "position" : {
      "x" : -13.708204,
      "y" : 4.236068,
      "z" : -2.618034
    }
  }, {
    "shape" : "c9d5eb1e-1da8-470e-9e8b-f422eb1673d2",
    "color" : "#FFFFFF",
    "position" : {
      "x" : 4.236068,
      "y" : 2.618034,
      "z" : -13.708204
    }
  }, {
    "shape" : "c9d5eb1e-1da8-470e-9e8b-f422eb1673d2",
    "color" : "#FFFFFF",
    "position" : {
      "x" : 13.708204,
      "y" : -4.236068,
      "z" : -2.618034
    }
  }, {
    "shape" : "ffbe9364-bb74-4592-b4a7-ce1c24b4f96d",
    "color" : "#007695",
    "position" : {
      "x" : 13.708204,
      "y" : 4.236068,
      "z" : -2.618034
    },
    "orientation" : 22
  }, {
    "shape" : "cdcffba3-9b48-496f-876b-913560aa9ed1",
    "color" : "#007695",
    "position" : {
      "x" : 8.472136,
      "y" : -4.236068,
      "z" : -11.09017
    },
    "orientation" : 56
  }, {
    "shape" : "ffbe9364-bb74-4592-b4a7-ce1c24b4f96d",
    "color" : "#007695",
    "position" : {
      "x" : 11.09017,
      "y" : -8.472136,
      "z" : 4.236068
    },
    "orientation" : 7
  }, {
    "shape" : "cdcffba3-9b48-496f-876b-913560aa9ed1",
    "color" : "#007695",
    "position" : {
      "x" : 2.618034,
      "y" : 13.708204,
      "z" : -4.236068
    },
    "orientation" : 25
  }, {
    "shape" : "ffbe9364-bb74-4592-b4a7-ce1c24b4f96d",
    "color" : "#007695",
    "position" : {
      "x" : 8.472136,
      "y" : 4.236068,
      "z" : -11.09017
    },
    "orientation" : 51
  }, {
    "shape" : "c9d5eb1e-1da8-470e-9e8b-f422eb1673d2",
    "color" : "#FFFFFF",
    "position" : {
      "x" : -8.472136,
      "y" : 4.236068,
      "z" : 11.09017
    }
  }, {
    "shape" : "cdcffba3-9b48-496f-876b-913560aa9ed1",
    "color" : "#007695",
    "position" : {
      "x" : 4.236068,
      "y" : 2.618034,
      "z" : -13.708204
    },
    "orientation" : 16
  }, {
    "shape" : "cdcffba3-9b48-496f-876b-913560aa9ed1",
    "color" : "#007695",
    "position" : {
      "x" : 4.236068,
      "y" : -11.09017,
      "z" : 8.472136
    },
    "orientation" : 22
  }, {
    "shape" : "ffbe9364-bb74-4592-b4a7-ce1c24b4f96d",
    "color" : "#007695",
    "position" : {
      "x" : 4.236068,
      "y" : 11.09017,
      "z" : 8.472136
    },
    "orientation" : 26
  }, {
    "shape" : "c9d5eb1e-1da8-470e-9e8b-f422eb1673d2",
    "color" : "#FFFFFF",
    "position" : {
      "x" : 4.236068,
      "y" : -11.09017,
      "z" : 8.472136
    }
  }, {
    "shape" : "ffbe9364-bb74-4592-b4a7-ce1c24b4f96d",
    "color" : "#007695",
    "position" : {
      "x" : -13.708204,
      "y" : -4.236068,
      "z" : -2.618034
    },
    "orientation" : 1
  }, {
    "shape" : "ffbe9364-bb74-4592-b4a7-ce1c24b4f96d",
    "color" : "#007695",
    "position" : {
      "x" : -2.618034,
      "y" : 13.708204,
      "z" : -4.236068
    },
    "orientation" : 2
  }, {
    "shape" : "cdcffba3-9b48-496f-876b-913560aa9ed1",
    "color" : "#007695",
    "position" : {
      "x" : -11.09017,
      "y" : -8.472136,
      "z" : -4.236068
    },
    "orientation" : 51
  }, {
    "shape" : "cdcffba3-9b48-496f-876b-913560aa9ed1",
    "color" : "#007695",
    "position" : {
      "x" : -13.708204,
      "y" : -4.236068,
      "z" : 2.618034
    },
    "orientation" : 47
  }, {
    "shape" : "ffbe9364-bb74-4592-b4a7-ce1c24b4f96d",
    "color" : "#007695",
    "position" : {
      "x" : -2.618034,
      "y" : -13.708204,
      "z" : -4.236068
    },
    "orientation" : 38
  }, {
    "shape" : "cdcffba3-9b48-496f-876b-913560aa9ed1",
    "color" : "#007695",
    "position" : {
      "x" : -8.472136,
      "y" : 4.236068,
      "z" : 11.09017
    },
    "orientation" : 36
  }, {
    "shape" : "cdcffba3-9b48-496f-876b-913560aa9ed1",
    "color" : "#007695",
    "position" : {
      "x" : 8.472136,
      "y" : 4.236068,
      "z" : -11.09017
    },
    "orientation" : 21
  }, {
    "shape" : "ffbe9364-bb74-4592-b4a7-ce1c24b4f96d",
    "color" : "#007695",
    "position" : {
      "x" : -4.236068,
      "y" : -2.618034,
      "z" : -13.708204
    },
    "orientation" : 21
  }, {
    "shape" : "ffbe9364-bb74-4592-b4a7-ce1c24b4f96d",
    "color" : "#007695",
    "position" : {
      "x" : -8.472136,
      "y" : -4.236068,
      "z" : 11.09017
    },
    "orientation" : 24
  }, {
    "shape" : "cdcffba3-9b48-496f-876b-913560aa9ed1",
    "color" : "#007695",
    "position" : {
      "x" : -4.236068,
      "y" : -2.618034,
      "z" : -13.708204
    },
    "orientation" : 41
  }, {
    "shape" : "ffbe9364-bb74-4592-b4a7-ce1c24b4f96d",
    "color" : "#007695",
    "position" : {
      "x" : -11.09017,
      "y" : 0.0,
      "z" : -9.472136
    },
    "orientation" : 40
  }, {
    "shape" : "c9d5eb1e-1da8-470e-9e8b-f422eb1673d2",
    "color" : "#FFFFFF",
    "position" : {
      "x" : 11.09017,
      "y" : -8.472136,
      "z" : -4.236068
    }
  }, {
    "shape" : "cdcffba3-9b48-496f-876b-913560aa9ed1",
